Question 8
Time: 267.827557087
[(0, 0.004012073604694524), (1, 0.009458697604888058), (2, 0.009875916987298472), (8, 0.030205224691934845), (9, 0.049904689365639375), (10, 0.03469358183469384), (11, 0.026471382374860013)]
Time: 186.493111849
[(0, 0.003949391183497781), (1, 0.011381841067979145), (2, 0.006909327667198181), (8, 0.02258747524119942), (9, 0.049971916081367695), (10, 0.03468959616225381), (11, 0.026483138204370288)]
Time: 134.607572794
[(0, 0.003949391183497787), (1, 0.011381841067979138), (2, 0.006909327667198177), (8, 0.02258747524119943), (9, 0.0499719160813677), (10, 0.0346895961622538), (11, 0.02648313820437028)]
Time: 140.367408991
[(0, 0.003949391183497787), (1, 0.011381841067979138), (2, 0.006909327667198177), (8, 0.02258747524119943), (9, 0.0499719160813677), (10, 0.0346895961622538), (11, 0.02648313820437028)]
Time: 132.869930983
[(0, 0.003949391183497787), (1, 0.011381841067979138), (2, 0.006909327667198177), (8, 0.02258747524119943), (9, 0.0499719160813677), (10, 0.0346895961622538), (11, 0.02648313820437028)]
Time: 29.54991889
[(0, 0.004822982344658561), (1, 0.011225664270080862), (2, 0.01339780051791656), (8, 0.0339977557867014), (9, 0.05225112635381342), (10, 0.03475737413272972), (11, 0.026488597974551532)]
Time: 72.3117089272
[(0, 0.003701825542431019), (1, 0.009178745357513556), (2, 0.009365142520211124), (4, 0.011822447644781141), (6, 0.004182416299357208), (8, 0.030078626268144223), (9, 0.05257106757621819), (10, 0.034853563515177134), (11, 0.02591822133799579)]
