Question 6
Cloud results::
Core_num: 4
Time: 20.9715540409
[(32, 2), (4, 19), (1000, 1), (972, 2), (956, 1), (12, 4), (3588, 1), (60, 1), (16, 2), (1992, 1), (20, 3), (8, 4), (100, 5), (200, 2), (988, 1), (2100, 1), (1, 832), (101, 1), (1057, 1), (9, 3), (193, 1), (13, 5), (29, 1), (17, 1), (969, 1), (973, 1), (949, 1), (201, 2), (25, 1), (221, 1), (21, 1), (189, 17), (981, 1), (198, 2), (2, 91), (34, 1), (22, 1), (6, 19), (470, 1), (10, 2), (46, 1), (18, 2), (14, 1), (190, 2), (50, 13), (30, 3), (374, 1), (1938, 1), (1050, 7), (38, 1), (102, 1), (3710, 1), (3, 10), (235, 1), (39, 1), (779, 1), (2111, 1), (7, 1), (1963, 1), (379, 1), (15, 50), (11, 2), (963, 1), (155, 1), (55, 7), (111, 1), (95, 1), (199, 1), (31, 2)]
weighted_average = 41
Cloud results::
Core_num: 8
Time: 20.7493560314
[(32, 2), (1000, 1), (16, 2), (1992, 1), (8, 4), (200, 2), (1, 832), (1057, 1), (201, 2), (193, 1), (17, 1), (9, 3), (969, 1), (25, 1), (2, 91), (34, 1), (10, 2), (50, 13), (18, 2), (1050, 7), (1938, 1), (779, 1), (379, 1), (11, 2), (1963, 1), (3, 10), (235, 1), (155, 1), (963, 1), (4, 19), (972, 2), (956, 1), (12, 4), (3588, 1), (2100, 1), (100, 5), (60, 1), (988, 1), (20, 3), (101, 1), (13, 5), (973, 1), (29, 1), (221, 1), (949, 1), (21, 1), (189, 17), (981, 1), (22, 1), (198, 2), (470, 1), (46, 1), (14, 1), (190, 2), (3710, 1), (374, 1), (6, 19), (38, 1), (102, 1), (30, 3), (39, 1), (2111, 1), (7, 1), (15, 50), (55, 7), (111, 1), (95, 1), (199, 1), (31, 2)]
weighted_average = 41
