Question 5
Time: 249.990931988
[(0, 0), (1, 0), (2, 0), (4, 0), (6, 0), (8, 0), (9, 0), (10, 0)]
Time: 256.226284027
[(0, 0.017322957807062136), (1, 0.1037210665104014), (2, 0.0735202492211838), (4, 0.06605800214822771), (6, 0.005722460658082976), (8, 0.15384615384615385), (9, 0.15286624203821655), (10, 0.16666666666666666)]
Time: 75.2292590141
[(0, 1), (1, 0), (2, 0), (4, 0), (6, 0), (8, 0), (9, 0), (10, 0)]
Time: 70.7312829494
[(0, 1.564582763641201), (1, 0.4943213503624815), (2, 0.032990921527173235), (4, 0.0036521060318057004), (6, 0.001198853270784467), (8, 0.016969568143975627), (9, 0.02318333559171707), (10, 0.04940711462450593)]
Time: 962.006355047
[(0, 0.8174734801289467), (1, 0.18816278252703708), (2, 0.042669161097669564), (3, 0.14897760467380722), (4, 0.003068518051438212), (6, 0.0006595976141947908), (8, 0.011767708496937333), (9, 0.05877339146047948), (10, 0.3585174625801853)]
